SHORT BEAM HEIGHT REFINED M=4
15 1 1 1
1 1 1 1 0.000000e+00 0.000000e+00 0.000000e+00
2 0 0 1 1.000000e+00 0.000000e+00 0.000000e+00
3 0 0 1 2.000000e+00 0.000000e+00 0.000000e+00
4 1 1 1 0.000000e+00 5.000000e-01 0.000000e+00
5 0 0 1 1.000000e+00 5.000000e-01 0.000000e+00
6 0 0 1 2.000000e+00 5.000000e-01 0.000000e+00
7 1 1 1 0.000000e+00 1.000000e+00 0.000000e+00
8 0 0 1 1.000000e+00 1.000000e+00 0.000000e+00
9 0 0 1 2.000000e+00 1.000000e+00 0.000000e+00
10 1 1 1 0.000000e+00 1.500000e+00 0.000000e+00
11 0 0 1 1.000000e+00 1.500000e+00 0.000000e+00
12 0 0 1 2.000000e+00 1.500000e+00 0.000000e+00
13 1 1 1 0.000000e+00 2.000000e+00 0.000000e+00
14 0 0 1 1.000000e+00 2.000000e+00 0.000000e+00
15 0 0 1 2.000000e+00 2.000000e+00 0.000000e+00
1 1
3 2 -1.000000e+00
3 16 1
1 1.000000e+03 0.000000e+00 1.000000e+00 1
1 1 2 5 1
2 1 5 4 1
3 2 3 6 1
4 2 6 5 1
5 4 5 8 1
6 4 8 7 1
7 5 6 9 1
8 5 9 8 1
9 7 8 11 1
10 7 11 10 1
11 8 9 12 1
12 8 12 11 1
13 10 11 14 1
14 10 14 13 1
15 11 12 15 1
16 11 15 14 1