CANTILEVER BEAM T3 N=16
34 1 1 1
1 1 1 1 0.000000e+00 0.000000e+00 0.000000e+00
2 0 0 1 6.250000e-01 0.000000e+00 0.000000e+00
3 0 0 1 1.250000e+00 0.000000e+00 0.000000e+00
4 0 0 1 1.875000e+00 0.000000e+00 0.000000e+00
5 0 0 1 2.500000e+00 0.000000e+00 0.000000e+00
6 0 0 1 3.125000e+00 0.000000e+00 0.000000e+00
7 0 0 1 3.750000e+00 0.000000e+00 0.000000e+00
8 0 0 1 4.375000e+00 0.000000e+00 0.000000e+00
9 0 0 1 5.000000e+00 0.000000e+00 0.000000e+00
10 0 0 1 5.625000e+00 0.000000e+00 0.000000e+00
11 0 0 1 6.250000e+00 0.000000e+00 0.000000e+00
12 0 0 1 6.875000e+00 0.000000e+00 0.000000e+00
13 0 0 1 7.500000e+00 0.000000e+00 0.000000e+00
14 0 0 1 8.125000e+00 0.000000e+00 0.000000e+00
15 0 0 1 8.750000e+00 0.000000e+00 0.000000e+00
16 0 0 1 9.375000e+00 0.000000e+00 0.000000e+00
17 0 0 1 1.000000e+01 0.000000e+00 0.000000e+00
18 1 1 1 0.000000e+00 2.000000e+00 0.000000e+00
19 0 0 1 6.250000e-01 2.000000e+00 0.000000e+00
20 0 0 1 1.250000e+00 2.000000e+00 0.000000e+00
21 0 0 1 1.875000e+00 2.000000e+00 0.000000e+00
22 0 0 1 2.500000e+00 2.000000e+00 0.000000e+00
23 0 0 1 3.125000e+00 2.000000e+00 0.000000e+00
24 0 0 1 3.750000e+00 2.000000e+00 0.000000e+00
25 0 0 1 4.375000e+00 2.000000e+00 0.000000e+00
26 0 0 1 5.000000e+00 2.000000e+00 0.000000e+00
27 0 0 1 5.625000e+00 2.000000e+00 0.000000e+00
28 0 0 1 6.250000e+00 2.000000e+00 0.000000e+00
29 0 0 1 6.875000e+00 2.000000e+00 0.000000e+00
30 0 0 1 7.500000e+00 2.000000e+00 0.000000e+00
31 0 0 1 8.125000e+00 2.000000e+00 0.000000e+00
32 0 0 1 8.750000e+00 2.000000e+00 0.000000e+00
33 0 0 1 9.375000e+00 2.000000e+00 0.000000e+00
34 0 0 1 1.000000e+01 2.000000e+00 0.000000e+00
1 1
17 2 -1.000000e+00
3 32 1
1 1.000000e+03 0.000000e+00 1.000000e+00 1
1 1 2 19 1
2 1 19 18 1
3 2 3 20 1
4 2 20 19 1
5 3 4 21 1
6 3 21 20 1
7 4 5 22 1
8 4 22 21 1
9 5 6 23 1
10 5 23 22 1
11 6 7 24 1
12 6 24 23 1
13 7 8 25 1
14 7 25 24 1
15 8 9 26 1
16 8 26 25 1
17 9 10 27 1
18 9 27 26 1
19 10 11 28 1
20 10 28 27 1
21 11 12 29 1
22 11 29 28 1
23 12 13 30 1
24 12 30 29 1
25 13 14 31 1
26 13 31 30 1
27 14 15 32 1
28 14 32 31 1
29 15 16 33 1
30 15 33 32 1
31 16 17 34 1
32 16 34 33 1