CANTILEVER BEAM T3 N=8
18 1 1 1
1 1 1 1 0.000000e+00 0.000000e+00 0.000000e+00
2 0 0 1 1.250000e+00 0.000000e+00 0.000000e+00
3 0 0 1 2.500000e+00 0.000000e+00 0.000000e+00
4 0 0 1 3.750000e+00 0.000000e+00 0.000000e+00
5 0 0 1 5.000000e+00 0.000000e+00 0.000000e+00
6 0 0 1 6.250000e+00 0.000000e+00 0.000000e+00
7 0 0 1 7.500000e+00 0.000000e+00 0.000000e+00
8 0 0 1 8.750000e+00 0.000000e+00 0.000000e+00
9 0 0 1 1.000000e+01 0.000000e+00 0.000000e+00
10 1 1 1 0.000000e+00 2.000000e+00 0.000000e+00
11 0 0 1 1.250000e+00 2.000000e+00 0.000000e+00
12 0 0 1 2.500000e+00 2.000000e+00 0.000000e+00
13 0 0 1 3.750000e+00 2.000000e+00 0.000000e+00
14 0 0 1 5.000000e+00 2.000000e+00 0.000000e+00
15 0 0 1 6.250000e+00 2.000000e+00 0.000000e+00
16 0 0 1 7.500000e+00 2.000000e+00 0.000000e+00
17 0 0 1 8.750000e+00 2.000000e+00 0.000000e+00
18 0 0 1 1.000000e+01 2.000000e+00 0.000000e+00
1 1
9 2 -1.000000e+00
3 16 1
1 1.000000e+03 0.000000e+00 1.000000e+00 1
1 1 2 11 1
2 1 11 10 1
3 2 3 12 1
4 2 12 11 1
5 3 4 13 1
6 3 13 12 1
7 4 5 14 1
8 4 14 13 1
9 5 6 15 1
10 5 15 14 1
11 6 7 16 1
12 6 16 15 1
13 7 8 17 1
14 7 17 16 1
15 8 9 18 1
16 8 18 17 1