CANTILEVER BEAM T3 N=4
10 1 1 1
1 1 1 1 0.000000e+00 0.000000e+00 0.000000e+00
2 0 0 1 2.500000e+00 0.000000e+00 0.000000e+00
3 0 0 1 5.000000e+00 0.000000e+00 0.000000e+00
4 0 0 1 7.500000e+00 0.000000e+00 0.000000e+00
5 0 0 1 1.000000e+01 0.000000e+00 0.000000e+00
6 1 1 1 0.000000e+00 2.000000e+00 0.000000e+00
7 0 0 1 2.500000e+00 2.000000e+00 0.000000e+00
8 0 0 1 5.000000e+00 2.000000e+00 0.000000e+00
9 0 0 1 7.500000e+00 2.000000e+00 0.000000e+00
10 0 0 1 1.000000e+01 2.000000e+00 0.000000e+00
1 1
5 2 -1.000000e+00
3 8 1
1 1.000000e+03 0.000000e+00 1.000000e+00 1
1 1 2 7 1
2 1 7 6 1
3 2 3 8 1
4 2 8 7 1
5 3 4 9 1
6 3 9 8 1
7 4 5 10 1
8 4 10 9 1