SHORT BEAM HEIGHT REFINED M=8
27 1 1 1
1 1 1 1 0.000000e+00 0.000000e+00 0.000000e+00
2 0 0 1 1.000000e+00 0.000000e+00 0.000000e+00
3 0 0 1 2.000000e+00 0.000000e+00 0.000000e+00
4 1 1 1 0.000000e+00 2.500000e-01 0.000000e+00
5 0 0 1 1.000000e+00 2.500000e-01 0.000000e+00
6 0 0 1 2.000000e+00 2.500000e-01 0.000000e+00
7 1 1 1 0.000000e+00 5.000000e-01 0.000000e+00
8 0 0 1 1.000000e+00 5.000000e-01 0.000000e+00
9 0 0 1 2.000000e+00 5.000000e-01 0.000000e+00
10 1 1 1 0.000000e+00 7.500000e-01 0.000000e+00
11 0 0 1 1.000000e+00 7.500000e-01 0.000000e+00
12 0 0 1 2.000000e+00 7.500000e-01 0.000000e+00
13 1 1 1 0.000000e+00 1.000000e+00 0.000000e+00
14 0 0 1 1.000000e+00 1.000000e+00 0.000000e+00
15 0 0 1 2.000000e+00 1.000000e+00 0.000000e+00
16 1 1 1 0.000000e+00 1.250000e+00 0.000000e+00
17 0 0 1 1.000000e+00 1.250000e+00 0.000000e+00
18 0 0 1 2.000000e+00 1.250000e+00 0.000000e+00
19 1 1 1 0.000000e+00 1.500000e+00 0.000000e+00
20 0 0 1 1.000000e+00 1.500000e+00 0.000000e+00
21 0 0 1 2.000000e+00 1.500000e+00 0.000000e+00
22 1 1 1 0.000000e+00 1.750000e+00 0.000000e+00
23 0 0 1 1.000000e+00 1.750000e+00 0.000000e+00
24 0 0 1 2.000000e+00 1.750000e+00 0.000000e+00
25 1 1 1 0.000000e+00 2.000000e+00 0.000000e+00
26 0 0 1 1.000000e+00 2.000000e+00 0.000000e+00
27 0 0 1 2.000000e+00 2.000000e+00 0.000000e+00
1 1
3 2 -1.000000e+00
3 32 1
1 1.000000e+03 0.000000e+00 1.000000e+00 1
1 1 2 5 1
2 1 5 4 1
3 2 3 6 1
4 2 6 5 1
5 4 5 8 1
6 4 8 7 1
7 5 6 9 1
8 5 9 8 1
9 7 8 11 1
10 7 11 10 1
11 8 9 12 1
12 8 12 11 1
13 10 11 14 1
14 10 14 13 1
15 11 12 15 1
16 11 15 14 1
17 13 14 17 1
18 13 17 16 1
19 14 15 18 1
20 14 18 17 1
21 16 17 20 1
22 16 20 19 1
23 17 18 21 1
24 17 21 20 1
25 19 20 23 1
26 19 23 22 1
27 20 21 24 1
28 20 24 23 1
29 22 23 26 1
30 22 26 25 1
31 23 24 27 1
32 23 27 26 1